-1.895097685073743,-3.4694583208418717,-3.5936886326181536,1.8725823987976677,-4.217098685556703,-1.5857796316884176,-1.678222136919092,-4.279642464652754,-1.3460979133802486,4.6914125847556685,-3.518159941440455,1.2403124496872,3.5491970370753982,-4.64503756065451,1.8411734648914688,-3.4726096402294653,-4.189469636210315,1.7355409233797452,1.5406511820527202,4.918050363073054,1.5806979076352816,-4.501603137301443,0.2935168213866566,-3.959669869165638,-2.377754087322222,-3.7734999139614955,1.6881148749164012,4.365459085867544,-1.5549626405624362,0.2036458274472963,3.3878445790826666,-0.8035690629499059,-4.103618870446875,1.240232951388713,2.3764521210816483,-0.824590558666358,2.327785804232861,3.764700752484633,-4.9,-4.883438888584083,-3.8174560548642127,2.048324068563729,-2.0477582436983877,-0.06140079243762267,4.448288349950584,3.1989098544931034,1.5836927836018793,-0.6815283344083845
numHidden 	5
numGenes 	48
minGene 	-5.0
maxGene 	5.0
popSize 	200
maxEvaluations 	20000
mutateRate 	0.2
mutateChange 	0.05
seed 	1523745201339
random 	java.util.Random@76fb509a
neuralNetworkClass 	class coursework.ExampleEvolutionaryAlgorithm
tournamentSize 	10
crossover 	singlePoint
selection 	roulette
mutation 	boundaryB
Training Set Training
Fitness 0.12618734133436044