0.8562303213864519,2.348830485488058,3.465822870592625,4.476619255660567,-3.981354229120572,0.7712310144450527,-4.709090115439894,-4.807841157460792,4.712651908096774,2.9015522651275854,-1.266606238333917,-1.0850539544075357,-0.25857545372630175,-2.652052301593478,0.43306038477069453,-2.8325669086162257,-4.454329291847692,-1.5276701235444534,-1.8452798324832287,4.487655925995636,-2.2609472074893553,2.1364819297174313,-2.8268594147999537,-3.1454572470413766,3.3070708008526175,-4.12106519569773,1.450496166161426,-2.28609252818441,3.9828313362288448,1.249543550731237,-2.583142472200114,-4.043249071666939,-0.8168779287771795,0.9687987729134306,1.6787638784371806,-4.577074449084529,-1.085928266314358,-4.502928604350595,-3.774023693137842,1.3973628520853667,0.3398415383731304,2.169486357886705,2.2741399613517217,4.239667604654989,-2.656632604563276,1.9690940275755164,0.5500662102093969,-1.1864043092285346
numHidden 	5
numGenes 	48
minGene 	-5.0
maxGene 	5.0
popSize 	200
maxEvaluations 	20000
mutateRate 	0.2
mutateChange 	0.05
seed 	1523745039520
random 	java.util.Random@76fb509a
neuralNetworkClass 	class coursework.ExampleEvolutionaryAlgorithm
tournamentSize 	10
crossover 	singlePoint
selection 	roulette
mutation 	boundaryB
Training Set Training
Fitness 0.1324750661436266