-4.413351348840743,-0.6450566596033247,2.7260859742014363,4.227339445409276,-2.2656041492523222,1.1952688182389417,-3.777581952949447,3.1254442392646746,3.5922685427014898,-4.1472904462605555,4.317664599697141,-3.4734090318590765,-0.2280687877795597,-2.736454520666528,0.560156976087318,3.000027903059582,5.0,2.8200172643964656,-1.0159976315007337,-4.238352717823838,-3.5610957617980583,-4.420310131403567,1.5717896404462561,2.3816590565967832,-0.9777676597030871,3.110602385084695,2.537665883508682,0.7623189814001601,4.632469998385069,3.669224264696589,3.4918921480161202,1.5879656877975035,0.9971521614406795,-4.728684182626262,-0.768154979927437,1.3413708729444673,2.709805509965313,-0.35423743414166714,0.07181339764875291,1.8089162838448993,3.361418951342796,2.580493670959161,2.143533246167742,1.2334637765638223,-2.735752995936087,2.231353921759273,-2.0860843646172293,0.3310621278227055
numHidden 	5
numGenes 	48
minGene 	-5.0
maxGene 	5.0
popSize 	200
maxEvaluations 	20000
mutateRate 	0.2
mutateChange 	0.05
seed 	1523745272268
random 	java.util.Random@76fb509a
neuralNetworkClass 	class coursework.ExampleEvolutionaryAlgorithm
tournamentSize 	10
crossover 	singlePoint
selection 	roulette
mutation 	boundaryB
Training Set Training
Fitness 0.12937909554144406