-0.8972136833997549,1.2575792794906815,-0.009238085824413886,-0.41452712507221184,0.030514283411420817,-0.750394029756452,-0.4660156627567068,1.5,-0.7461736617270082,-1.4978351150743197,-0.30227379337884747,1.0067941226680241,-1.7212286716290746,-0.2745285108501626,-1.044232901918432,0.11178227307117138,0.3313503882165199,0.8559496141761489,-1.3480351618491184,0.6123883613020856,0.7002111180937103,0.7561841702407425,-0.6942837102392869,0.825111961702038,0.4844093716166498,-1.4765013650412488,-0.59960587370367,1.1557913532659168,-0.673116243440147,-0.3028442955268423,0.5550842630837799,1.409803497769814,0.7902885277060968,1.5,-1.2727818184062327,-0.6818904182458085,-1.1756172588038607,1.0186065005773333,-1.53734848438432,0.969012644920878,-0.9682737490466248,0.3344770652413653,1.2238122922613042,-0.4222804843388598,-0.49951839312173174,-0.7516674416048904,-0.2312577127455246,1.228514882578887,-1.2121410788841351,-0.4387293474807891,1.3499938098355868,-1.4403857857961733,1.2719074950238858,1.2315939945869627,-1.2430643624213444,0.7819000272651176,1.437701931672661,-0.6049102483261587,-1.1058673484184405,0.7168441682887733,-0.013583577327897257,-1.4670481620050528,-1.4671602415646388,1.3515111801517765,-1.0891414029126898,1.1184809475117108,1.4067489256665207,-1.0808237517645143,-0.5940595843308272,1.3924755470069736,-0.4821542846264264,0.3540651645417297,0.3168855807219994,-0.556366026839942,-1.0011445994622061,-0.28283743661012745,1.1276340536383034,1.1621387309389208,-0.627632801773239,-0.2332294291788999,-1.6320003062841983,0.5370895973476678,-1.2214594364682676,1.1170952398657208,1.5,0.39002715413877265,-1.4791577422334803,-0.2901752346956261,0.8786106517297994,1.0450351428668634,1.2025778463198074,0.033361758339579314,0.85559467572799
numHidden 	10
numGenes 	93
minGene 	-1.5
maxGene 	1.5
popSize 	200
maxEvaluations 	20000
mutateRate 	0.2
mutateChange 	1.05
seed 	1523824881096
random 	java.util.Random@76fb509a
neuralNetworkClass 	class coursework.ExampleEvolutionaryAlgorithm
tournamentSize 	100
crossover 	uniform
selection 	tournament
mutation 	boundaryA
Training Set Training
Fitness 0.03501200510196674
Fitness on Test 0.03560394728314868